9705
442
1736
4814
455
3814
8775
1634
9449
9834
6334
8108
6018
8891
9237
2818
1849
1935
1910
2734
5267
7572
6016
8396
9236
7027
4284
309
1107
1998
6163
8322
9372
7494
8644
7192
404
5866
5631
1342
4344
3957
8487
8063
9312
1270
6666
2602
2003
2140
3024
5207
4655
6448
8164
935
3651
8981
6198
9934
8269
5642
5989
3057
5000
7160
5730
5264
1895
7080
477
8604
9666
1773
6219
140
9566
1839
6232
2112
9302
7211
4036
3912
8853
9820
2275
9584
4199
5183
8932
7161
2819
6966
1890
1584
1522
7400
9084
760
8658
3783
8637
1095
6789
445
2155
3181
9774
714
9629
3010
6555
544
8500
321
4439
6094
2720
7747
9629
9995
9216
9139
4087
3682
4701
7890
4380
2874
9855
5824
6514
3156
446
8545
6518
2553
8099
4994
334
593
3869
132
5055
1954
9000
3903
2368
224
5210
5965
4699
1393
7845
2513
3026
3541
8952
210
2217
7356
456
9026
8773
6741
6122
1741
3002
4038
1663
5104
6776
3061
8022
2711
4051
1513
6215
6377
8420
3509
8113
9453
3102
9368
1039
1594
5682
1549
258
9208
9427
9752
6061
3181
6463
5941
1292
9322
799
9204
2841
4883
2149
666
4909
3417
4675
7363
1377
4250
261
7661
8845
2102
5290
9754
2441
9531
4802
147
4109
5821
6580
6479
5738
4366
1491
1686
1484
8836
3112
1395
8402
647
8584
5183
4458
3206
2764
5551
2489
9283
3091
7784
1658
3565
2866
631
6799
4788
5835
70
5618
7297
8917
1447
3510
9385
1941
847
9602
5350
9975
9320
5682
9374
4299
2601
1581
7040
1259
4340
9517
1575
8673
6968
2289
8429
2795
4149
2894
3656
1568
1788
5803
8430
9778
394
1766
3201
8413
5549
273
9230
5640
1004
9974
8750
352
3848
9682
8433
6582
6947
8342
1905
845
1139
2590
2035
7965
8442
2336
3985
3802
2059
3794
1363
3283
340
7575
1826
9083
5380
5893
5506
3276
4281
1614
31
7793
2232
2199
1249
1609
8114
3482
3155
4110
1672
4041
2715
1074
4684
6571
7875
9158
5897
5385
5055
6064
7145
51
8477
1858
413
5331
2445
7715
5601
5653
1683
8197
9507
6597
2290
6737
6179
9062
1012
4940
9096
7632
2658
2984
8950
865
8871
2454
75
4312
7707
6210
4397
1474
1233
4934
5105
3785
7577
2921
6104
1509
5858
5983
1239
2880
7536
1704
7558
913
4627
5365
7333
8939
964
9257
2344
6122
9213
2085
8668
4686
4861
1735
336
5532
7490
1008
4209
6109
3603
7460
2405
6270
5877
7157
4306
6864
8394
2085
7999
9926
8342
484
3377
2937
9805
966
9360
4971
8615
4327
7390
6570
9024
6898
8367
2451
5588
3628
5294
9260
5293
9421
3256
7521
3161
3284
1961
4302
6893
5944
1462
1398
5195
808
5584
2767
8799
2611
4536
1513
5151
2768
3969
7240
3791
9977
3474
2069
6755
167
1577
5550
8049
2388
9756
5046
6091
7038
4442
5117
8058
794
1636
8980
5562
8357
6364
365
3965
3272
8785
8453
2720
6613
1822
3013
3634
3797
4497
7189
7574
94
2162
603
7596
5939
4898
3098
2997
8903
7726
5600
6434
4033
8351
8512
7967
4889
4911
5764
3888
4206
2931
241
5918
426
3360
5741
5943
4708
5065
4881
6042
1585
1222
123
1227
7052
974
2261
3484
2707
5017
7201
192
9271
2855
8790
2529
3259
179
8602
4797
6263
4382
9793
5087
8191
9698
5310
9647
8650
6756
2326
7049
1546
7191
5986
2485
905
4886
7590
3552
2006
3356
7684
441
6162
1948
636
8534
9272
4016
9808
7206
1614
8785
7616
6701
7766
1955
6611
1331
2798
4526
1354
5961
3744
6637
7194
630
8939
8540
7722
8750
8955
8717
2560
4939
9094
2736
6578
9488
1777
2440
7099
5269
5187
4387
2105
1802
65
3733
829
5626
1527
7714
1127
402
7513
3691
6933
755
1837
596
4796
9017
4168
1026
4984
8092
188
5201
1145
5008
3456
9333
226
8885
9823
2396
1322
6668
1057
6560
8749
2143
7369
1616
898
3771
457
6379
4655
9609
4243
5029
3478
6857
6033
3882
4579
7495
7960
3973
8537
2470
9161
2528
507
389
8235
321
3430
9002
1328
218
3165
9080
6939
4428
5502
621
2940
1803
4594
5236
5560
7122
7552
1186
6808
5377
6103
3430
8019
5900
5936
4191
8374
4455
1946
2692
9441
6403
2213
5806
2440
2909
3350
3586
9824
4989
7660
9123
6904
93
2316
1054
1204
7280
9593
5418
7101
9798
7136
6601
5389
1781
2024
6606
2152
5584
5492
3009
4896
8448
5284
3099
1271
5095
3389
2037
6376
5353
2287
4575
4609
6692
4268
6879
8670
3070
7986
6498
9685
4356
6534
3965
5405
299
3041
3092
6545
1291
4534
8771
5899
1668
1737
3957
3010
9199
5513
7016
6262
8641
1188
9147
2761
7197
5389
4503
2089
9406
1403
3020
7453
8744
1167
6454
1951
201
7743
1934
2826
6173
8748
9643
4640
7576
80
3078
3039
3419
359
536
4596
1235
1843
5461
3347
3227
1778
5804
9393
9167
9960
7038
8974
3890
768
1042
2621
6039
2901
7733
1129
7446
6357
1288
8463
9611
2952
7656
3838
9056
5787
6219
115
4789
425
1198
6645
3393
9799
1652
4813
6383
9253
1497
8825
4280
9371
1191
6042
3168
1927
2734
6336
9877
1394
2376
3136
8176
2238
4569
9937
4552
3616
578
1248
3072
3602
5460
1269
7128
3816
1391
1482
3185
7750
8028
8270
7964
5794
4538
1417
9475
4356
9895
9635
1448
6122
7650
4035
2803
476
6110
9930
3968
6009
6840
38
333
6248
2697
7747
7637
2359
8940
3495
3969
7824
6014
2068
1286
5083
7605
7698
1315
221
6396
9384
2758
9289
2679
3526
9492
5175
6373
9611
9334
9221
2976
3975
4634
4762
4513
4693
957
8036
6856
4833
966
1361
6229
2785
764
4967
5781
4255
9458
6595
4901
7297
6421
34
1578
9204
975
4771
7202
5413
1917
6171
9927
8169
5656
8891
3340
2391
8110
5091
9662
